"x"
1082
1083
1909
